40.764289
40.6791
40.783375
40.6791
40.6791
40.783375
40.764289
40.6791
40.6791
40.6791
40.783375
40.6791
40.764289
40.783375
40.783375
40.783375
40.764289
40.764289
40.764289
40.783375
40.764289
40.783375
40.6791
40.764289
40.743653
40.757617
40.764812
40.729159
40.763148
40.785381
40.777441
40.708638
40.743653
40.757617
40.764812
40.729159
40.763148
40.785381
40.777441
40.708638
40.75544716819389
40.75544716819389
40.72987816819389
40.72987816819389
40.78225316819389
40.78225316819389
40.736931
40.736931
40.736931
40.763028
40.763028
40.763028
40.734529
40.734529
40.734529
40.778008
40.778008
40.778008
40.785118
40.785118
40.785118
40.710898
40.710898
40.710898
40.744397
40.744397
40.76175
40.76175
40.78005
40.78005
40.798271
40.743653
40.757617
40.764812
40.729159
40.763148
40.785381
40.777441
40.708638
40.75544716819389
40.72987816819389
40.78225316819389
40.736931
40.763028
40.734529
40.778008
40.785118
40.710898
40.744397
40.76175
40.78005
40.798271
40.743653
40.757617
40.764812
40.729159
40.763148
40.785381
40.777441
40.708638
40.743653
40.757617
40.764812
40.729159
40.763148
40.785381
40.777441
40.708638
40.75544716819389
40.72987816819389
40.78225316819389
40.736931
40.736931
40.763028
40.763028
40.734529
40.734529
40.778008
40.778008
40.785118
40.785118
40.710898
40.710898
40.744397
40.744397
40.76175
40.76175
40.78005
40.78005
40.798271
40.764289
40.75549483180611
40.75549483180611
40.72992583180611
40.72992583180611
40.78230083180611
40.78230083180611
40.783375
40.783375
40.783375
40.6791
40.764289
40.764289
40.749351
40.749351
40.751163
40.751163
40.732757
40.732757
40.763586
40.763586
40.781365
40.781365
40.779065
40.779065
40.798271
40.752542
40.752542
40.753433
40.753433
40.763509
40.763509
40.731229
40.731229
40.763352
40.763352
40.720442
40.720442
40.770853
40.770853
40.783394
40.783394
40.706476
40.706476
40.75549483180611
40.72992583180611
40.78230083180611
40.749351
40.751163
40.732757
40.763586
40.781365
40.779065
40.752542
40.753433
40.763509
40.731229
40.763352
40.720442
40.770853
40.783394
40.706476
40.798271
40.6791
40.75549483180611
40.75549483180611
40.72992583180611
40.72992583180611
40.78230083180611
40.78230083180611
40.749351
40.749351
40.751163
40.751163
40.732757
40.732757
40.763586
40.763586
40.781365
40.781365
40.779065
40.779065
40.752542
40.753433
40.763509
40.731229
40.763352
40.720442
40.770853
40.783394
40.706476
40.653085
40.653085
40.783375
40.6791
40.764289
40.653085
40.752542
40.753433
40.763509
40.731229
40.763352
40.720442
40.770853
40.783394
40.706476
40.798271
40.653085
40.783375
40.6791
40.6791
40.764289
40.653085
40.798271
40.764741
40.66674
40.743653
40.757617
40.764812
40.729159
40.763148
40.785381
40.777441
40.708638
40.77107
40.75544716819389
40.72987816819389
40.78225316819389
40.75549483180611
40.72992583180611
40.78230083180611
40.77107
40.749351
40.751163
40.732757
40.763586
40.781365
40.779065
40.77107
40.736931
40.763028
40.734529
40.778008
40.785118
40.710898
40.744397
40.76175
40.78005
40.752542
40.753433
40.763509
40.731229
40.763352
40.770853
40.783394
40.706476
40.77107
40.653085
40.757617
40.763148
40.785381
40.777441
40.743653
40.764812
40.729159
40.708638
40.757617
40.763148
40.785381
40.777441
40.77107
40.77107
40.75544716819389
40.72987816819389
40.78225316819389
40.744397
40.76175
40.78005
40.75549483180611
40.72992583180611
40.78230083180611
40.736931
40.763028
40.734529
40.778008
40.785118
40.710898
40.749351
40.751163
40.732757
40.763586
40.781365
40.779065
40.77107
40.798271
40.743653
40.764812
40.729159
40.708638
40.798271
40.757617
40.763148
40.785381
40.777441
40.75544716819389
40.72987816819389
40.78225316819389
40.743653
40.764812
40.729159
40.708638
40.744397
40.76175
40.78005
40.75549483180611
40.72992583180611
40.78230083180611
40.736931
40.763028
40.734529
40.778008
40.785118
40.710898
40.749351
40.751163
40.732757
40.763586
40.781365
40.779065
40.75544716819389
40.72987816819389
40.78225316819389
40.752542
40.753433
40.763509
40.731229
40.763352
40.770853
40.783394
40.706476
40.744397
40.76175
40.78005
40.749351
40.751163
40.732757
40.763586
40.781365
40.779065
40.653085
40.749351
40.751163
40.732757
40.763586
40.781365
40.779065
40.798271
40.77107
40.752542
40.753433
40.763509
40.731229
40.763352
40.770853
40.783394
40.706476
40.744397
40.76175
40.78005
40.653085
40.752542
40.763509
40.731229
40.763352
40.770853
40.783394
40.706476
40.653085
40.75544716819389
40.72987816819389
40.78225316819389
40.75549483180611
40.72992583180611
40.78230083180611
40.798271
40.736931
40.763028
40.734529
40.778008
40.785118
40.710898
40.77107
40.744397
40.749351
40.751163
40.76175
40.763586
40.781365
40.78005
40.779065
40.749351
40.751163
40.763586
40.781365
40.779065
40.744397
40.749351
40.751163
40.76175
40.763586
40.781365
40.78005
40.779065
40.764741
40.66674
40.757617
