-74.148474
-74.0886
-74.023008
-74.0886
-74.0886
-74.023008
-74.148474
-74.0886
-74.0886
-74.0886
-74.023008
-74.0886
-74.148474
-74.023008
-74.023008
-74.023008
-74.148474
-74.148474
-74.148474
-74.023008
-74.148474
-74.023008
-74.0886
-74.148474
-73.992738
-73.97908
-73.99557
-73.999139
-73.95856
-73.975425
-73.953028
-74.005047
-73.992738
-73.97908
-73.99557
-73.999139
-73.95856
-73.975425
-73.953028
-74.005047
-73.98991620660495
-73.98991620660495
-73.99325520660494
-73.99325520660494
-73.98024320660494
-73.98024320660494
-73.980674
-73.980674
-73.980674
-73.980263
-73.980263
-73.980263
-74.005375
-74.005375
-74.005375
-73.956219
-73.956219
-73.956219
-73.974979
-73.974979
-73.974979
-74.016097
-74.016097
-74.016097
-73.980884
-73.980884
-73.986817
-73.986817
-73.95481
-73.95481
-73.93906
-73.992738
-73.97908
-73.99557
-73.999139
-73.95856
-73.975425
-73.953028
-74.005047
-73.98991620660495
-73.99325520660494
-73.98024320660494
-73.980674
-73.980263
-74.005375
-73.956219
-73.974979
-74.016097
-73.980884
-73.986817
-73.95481
-73.93906
-73.992738
-73.97908
-73.99557
-73.999139
-73.95856
-73.975425
-73.953028
-74.005047
-73.992738
-73.97908
-73.99557
-73.999139
-73.95856
-73.975425
-73.953028
-74.005047
-73.98991620660495
-73.99325520660494
-73.98024320660494
-73.980674
-73.980674
-73.980263
-73.980263
-74.005375
-74.005375
-73.956219
-73.956219
-73.974979
-73.974979
-74.016097
-74.016097
-73.980884
-73.980884
-73.986817
-73.986817
-73.95481
-73.95481
-73.93906
-74.148474
-73.98977579339505
-73.98977579339505
-73.99311479339505
-73.99311479339505
-73.98010279339505
-73.98010279339505
-74.023008
-74.023008
-74.023008
-74.0886
-74.148474
-74.148474
-73.992597
-73.992597
-73.973276
-73.973276
-73.992379
-73.992379
-73.961714
-73.961714
-73.980505
-73.980505
-73.94699
-73.94699
-73.93906
-73.994263
-73.994263
-73.968995
-73.968995
-73.979307
-73.979307
-74.003864
-74.003864
-73.961116
-73.961116
-74.003329
-74.003329
-73.955191
-73.955191
-73.949067
-73.949067
-74.015135
-74.015135
-73.98977579339505
-73.99311479339505
-73.98010279339505
-73.992597
-73.973276
-73.992379
-73.961714
-73.980505
-73.94699
-73.994263
-73.968995
-73.979307
-74.003864
-73.961116
-74.003329
-73.955191
-73.949067
-74.015135
-73.93906
-74.0886
-73.98977579339505
-73.98977579339505
-73.99311479339505
-73.99311479339505
-73.98010279339505
-73.98010279339505
-73.992597
-73.992597
-73.973276
-73.973276
-73.992379
-73.992379
-73.961714
-73.961714
-73.980505
-73.980505
-73.94699
-73.94699
-73.994263
-73.968995
-73.979307
-74.003864
-73.961116
-74.003329
-73.955191
-73.949067
-74.015135
-73.793602
-73.793602
-74.023008
-74.0886
-74.148474
-73.793602
-73.994263
-73.968995
-73.979307
-74.003864
-73.961116
-74.003329
-73.955191
-73.949067
-74.015135
-73.93906
-73.793602
-74.023008
-74.0886
-74.0886
-74.148474
-73.793602
-73.93906
-73.884931
-73.788742
-73.992738
-73.97908
-73.99557
-73.999139
-73.95856
-73.975425
-73.953028
-74.005047
-73.885339
-73.98991620660495
-73.99325520660494
-73.98024320660494
-73.98977579339505
-73.99311479339505
-73.98010279339505
-73.885339
-73.992597
-73.973276
-73.992379
-73.961714
-73.980505
-73.94699
-73.885339
-73.980674
-73.980263
-74.005375
-73.956219
-73.974979
-74.016097
-73.980884
-73.986817
-73.95481
-73.994263
-73.968995
-73.979307
-74.003864
-73.961116
-73.955191
-73.949067
-74.015135
-73.885339
-73.793602
-73.97908
-73.95856
-73.975425
-73.953028
-73.992738
-73.99557
-73.999139
-74.005047
-73.97908
-73.95856
-73.975425
-73.953028
-73.885339
-73.885339
-73.98991620660495
-73.99325520660494
-73.98024320660494
-73.980884
-73.986817
-73.95481
-73.98977579339505
-73.99311479339505
-73.98010279339505
-73.980674
-73.980263
-74.005375
-73.956219
-73.974979
-74.016097
-73.992597
-73.973276
-73.992379
-73.961714
-73.980505
-73.94699
-73.885339
-73.93906
-73.992738
-73.99557
-73.999139
-74.005047
-73.93906
-73.97908
-73.95856
-73.975425
-73.953028
-73.98991620660495
-73.99325520660494
-73.98024320660494
-73.992738
-73.99557
-73.999139
-74.005047
-73.980884
-73.986817
-73.95481
-73.98977579339505
-73.99311479339505
-73.98010279339505
-73.980674
-73.980263
-74.005375
-73.956219
-73.974979
-74.016097
-73.992597
-73.973276
-73.992379
-73.961714
-73.980505
-73.94699
-73.98991620660495
-73.99325520660494
-73.98024320660494
-73.994263
-73.968995
-73.979307
-74.003864
-73.961116
-73.955191
-73.949067
-74.015135
-73.980884
-73.986817
-73.95481
-73.992597
-73.973276
-73.992379
-73.961714
-73.980505
-73.94699
-73.793602
-73.992597
-73.973276
-73.992379
-73.961714
-73.980505
-73.94699
-73.93906
-73.885339
-73.994263
-73.968995
-73.979307
-74.003864
-73.961116
-73.955191
-73.949067
-74.015135
-73.980884
-73.986817
-73.95481
-73.793602
-73.994263
-73.979307
-74.003864
-73.961116
-73.955191
-73.949067
-74.015135
-73.793602
-73.98991620660495
-73.99325520660494
-73.98024320660494
-73.98977579339505
-73.99311479339505
-73.98010279339505
-73.93906
-73.980674
-73.980263
-74.005375
-73.956219
-73.974979
-74.016097
-73.885339
-73.980884
-73.992597
-73.973276
-73.986817
-73.961714
-73.980505
-73.95481
-73.94699
-73.992597
-73.973276
-73.961714
-73.980505
-73.94699
-73.980884
-73.992597
-73.973276
-73.986817
-73.961714
-73.980505
-73.95481
-73.94699
-73.884931
-73.788742
-73.97908
